181 185 185 189 192 194 193 192 193 193 192 192 188 184 177  89
188 191 191 194 195 196 198 197 198 198 197 196 194 192 190 184
191 194 196 198 201 202 201 201 202 202 201 201 198 196 195 190
192 194 198 199 202 203 204 203 204 204 202 202 201 198 197 191
195 196 198 199 200 203  44  70  39  50 203 202 201 198 197 192
191 194 196 197 198 200 202  45 108 188 202 200 198 197 195 190
190 191 193 195 195 196 196  79  76 144 197 196 196 192 186 185
183 186 188 190 190 190 123 113 140 142 137 125 189 189 182 180
179 180 181 182 184 182  30  80  67  54 119 101 182 183 175 173
121 126 160 169 168 103 134  82  80  75 149  83 165 173 163 163
151 150 111 149 108  21 107 110 113  79  65  94  90  99 133 149
136 152  71 129  53  37  48  41  51  45  18  66  26  15  12  75
126  56  68 114 104  36  20  35  40  44  85  91 116 185  44  14
131  59  17  24  13  32  26  35  37  80  30   5  10  10  11  73
 22 100  19  25  25  10  29  36  34  28   9   5  17  22  17  23
 12  64  20  36  31  86  24  24  23  27  46  92  43  91 101  24
182 186 184 190 193 194 193 192 193 193 192 192 188 184 177  90
189 191 192 195 196 197 199 197 199 197 198 195 194 192 190 184
192 195 197 197 199 200 199 199 200 200 200 199 199 196 195 190
193 195 196 198 200 202 203 202 203 202 200 200 199 197 197 192
192 195 196 198 199 202  54  90  53  63 202 201 199 198 198 191
191 193 195 196 197 199 201  56 122 188 201 199 196 195 196 191
189 191 192 194 194 195 195  95  93 164 195 195 194 193 187 186
184 187 187 189 189 189 143 130 156 161 156 144 187 187 183 181
180 181 182 182 183 183  42  94  81  69 137 122 182 184 176 174
133 138 161 170 167 123 142 102  99  93 152 110 164 172 164 164
155 155 115 150 119  25 119 126 130  95  67 121  93 101 133 149
138 154  75 131  58  49  61  54  64  57  23  89  22  13  10  75
122  55  75 115 107  46  27  47  53  54 112  94 120 185  47  15
128  56  31  42  24  41  33  47  47  95  40   5  19  18  19  76
 12 100  40  44  43  29  36  46  43  34  23  15  29  45  41  46
 12  63  46  59  45  88  33  30  34  33  58  97  53 101 120  56
181 184 185 188 191 193 193 192 193 193 192 192 188 184 177  91
187 190 190 193 194 195 197 195 197 196 196 194 194 192 190 184
191 193 195 196 198 199 197 198 199 199 199 198 197 196 195 190
191 193 195 194 199 198 199 198 199 201 199 199 198 197 197 190
191 191 194 194 195 198  74 139  75  85 198 197 198 197 196 190
187 189 191 192 193 195 197  91 164 187 197 195 195 194 194 189
185 187 188 190 190 191 191 129 142 204 194 191 193 191 185 184
180 183 183 185 185 185 178 163 193 198 191 189 186 186 181 179
177 177 178 178 179 180  71 133 117 110 173 167 178 182 174 172
139 144 159 166 163 164 154 143 143 140 154 161 160 168 162 162
156 154 116 148 133  28 153 163 169 141  80 171  94 102 134 149
138 154  79 131  90  51  63  56  66  61  52 139  21  13  10  75
112  55  84 119 110  48  30  49  55  58 163 100 125 185  57  16
119  56  73  89  51  44  36  49  61 143  60  10  46  47  47  80
 14  99  94  89  94  74  61  64  46  39  60  47  64 101 101 103
 12  64 101 106  93  89  61  38  57  61  94  99  66 107 130 122

 89 184 190 191 192 190 185 180 173 163 149  75  14  73  23  24
177 190 195 197 197 195 186 182 175 163 133  12  44  11  17 101
184 192 196 198 198 197 192 189 183 173  99  15 185  10  22  91
188 194 198 201 201 198 196 189 182 165  90  26 116  10  17  43
192 196 201 202 202 200 196 125 101  83  94  66  91   5   5  92
192 197 201 202 203 202 197 137 119 149  65  18  85  30   9  46
193 198 202 204  50 188 144 142  54  75  79  45  44  80  28  27
193 198 202 204  39 108  76 140  67  80 113  51  40  37  34  23
192 197 201 203  70  45  79 113  80  82 110  41  35  35  36  24
193 198 201 204  44 202 196 123  30 134 107  48  20  26  29  24
194 196 202 203 203 200 196 190 182 103  21  37  36  32  10  86
192 195 201 202 200 198 195 190 184 168 108  53 104  13  25  31
189 194 198 199 199 197 195 190 182 169 149 129 114  24  25  36
185 191 196 198 198 196 193 188 181 160 111  71  68  17  19  20
185 191 194 194 196 194 191 186 180 126 150 152  56  59 100  64
181 188 191 192 195 191 190 183 179 121 151 136 126 131  22  12
 90 184 190 192 191 191 186 181 174 164 149  75  15  76  46  56
177 190 195 197 198 196 187 183 176 164 133  10  47  19  41 120
184 192 196 197 198 195 193 187 184 172 101  13 185  18  45 101
188 194 199 199 199 196 194 187 182 164  93  22 120  19  29  53
192 195 199 200 201 199 195 144 122 110 121  89  94   5  15  97
192 198 200 200 202 201 195 156 137 152  67  23 112  40  23  58
193 197 200 202  63 188 164 161  69  93  95  57  54  95  34  33
193 199 200 203  53 122  93 156  81  99 130  64  53  47  43  34
192 197 199 202  90  56  95 130  94 102 126  54  47  47  46  30
193 199 199 203  54 201 195 143  42 142 119  61  27  33  36  33
194 197 200 202 202 199 195 189 183 123  25  49  46  41  29  88
193 196 199 200 199 197 194 189 183 167 119  58 107  24  43  45
190 195 197 198 198 196 194 189 182 170 150 131 115  42  44  59
184 192 197 196 196 195 192 187 182 161 115  75  75  31  40  46
186 191 195 195 195 193 191 187 181 138 155 154  55  56 100  63
182 189 192 193 192 191 189 184 180 133 155 138 122 128  12  12
 91 184 190 190 190 189 184 179 172 162 149  75  16  80 103 122
177 190 195 197 196 194 185 181 174 162 134  10  57  47 101 130
184 192 196 197 197 194 191 186 182 168 102  13 185  47 101 107
188 194 197 198 198 195 193 186 178 160  94  21 125  46  64  66
192 194 198 199 197 195 191 189 167 161 171 139 100  10  47  99
192 196 199 199 198 197 194 191 173 154  80  52 163  60  60  94
193 196 199 201  85 187 204 198 110 140 141  61  58 143  39  61
193 197 199 199  75 164 142 193 117 143 169  66  55  61  46  57
192 195 198 198 139  91 129 163 133 143 163  56  49  49  64  38
193 197 197 199  74 197 191 178  71 154 153  63  30  36  61  61
193 195 199 198 198 195 191 185 180 164  28  51  48  44  74  89
191 194 198 199 195 193 190 185 179 163 133  90 110  51  94  93
188 193 196 194 194 192 190 185 178 166 148 131 119  89  89 106
185 190 195 195 194 191 188 183 178 159 116  79  84  73  94 101
184 190 193 193 191 189 187 183 177 144 154 154  55  56  99  64
181 187 191 191 191 187 185 180 177 139 156 138 112 119  14  12

 24 101  91  43  92  46  27  23  24  24  86  31  36  20  64  12
 23  17  22  17   5   9  28  34  36  29  10  25  25  19 100  22
 73  11  10  10   5  30  80  37  35  26  32  13  24  17  59 131
 14  44 185 116  91  85  44  40  35  20  36 104 114  68  56 126
 75  12  15  26  66  18  45  51  41  48  37  53 129  71 152 136
149 133  99  90  94  65  79 113 110 107  21 108 149 111 150 151
163 163 173 165  83 149  75  80  82 134 103 168 169 160 126 121
173 175 183 182 101 119  54  67  80  30 182 184 182 181 180 179
180 182 189 189 125 137 142 140 113 123 190 190 190 188 186 183
185 186 192 196 196 197 144  76  79 196 196 195 195 193 191 190
190 195 197 198 200 202 188 108  45 202 200 198 197 196 194 191
192 197 198 201 202 203  50  39  70  44 203 200 199 198 196 195
191 197 198 201 202 202 204 204 203 204 203 202 199 198 194 192
190 195 196 198 201 201 202 202 201 201 202 201 198 196 194 191
184 190 192 194 196 197 198 198 197 198 196 195 194 191 191 188
 89 177 184 188 192 192 193 193 192 193 194 192 189 185 185 181
 56 120 101  53  97  58  33  34  30  33  88  45  59  46  63  12
 46  41  45  29  15  23  34  43  46  36  29  43  44  40 100  12
 76  19  18  19   5  40  95  47  47  33  41  24  42  31  56 128
 15  47 185 120  94 112  54  53  47  27  46 107 115  75  55 122
 75  10  13  22  89  23  57  64  54  61  49  58 131  75 154 138
149 133 101  93 121  67  95 130 126 119  25 119 150 115 155 155
164 164 172 164 110 152  93  99 102 142 123 167 170 161 138 133
174 176 184 182 122 137  69  81  94  42 183 183 182 182 181 180
181 183 187 187 144 156 161 156 130 143 189 189 189 187 187 184
186 187 193 194 195 195 164  93  95 195 195 194 194 192 191 189
191 196 195 196 199 201 188 122  56 201 199 197 196 195 193 191
191 198 198 199 201 202  63  53  90  54 202 199 198 196 195 192
192 197 197 199 200 200 202 203 202 203 202 200 198 196 195 193
190 195 196 199 199 200 200 200 199 199 200 199 197 197 195 192
184 190 192 194 195 198 197 199 197 199 197 196 195 192 191 189
 90 177 184 188 192 192 193 193 192 193 194 193 190 184 186 182
122 130 107  66  99  94  61  57  38  61  89  93 106 101  64  12
103 101 101  64  47  60  39  46  64  61  74  94  89  94  99  14
 80  47  47  46  10  60 143  61  49  36  44  51  89  73  56 119
 16  57 185 125 100 163  58  55  49  30  48 110 119  84  55 112
 75  10  13  21 139  52  61  66  56  63  51  90 131  79 154 138
149 134 102  94 171  80 141 169 163 153  28 133 148 116 154 156
162 162 168 160 161 154 140 143 143 154 164 163 166 159 144 139
172 174 182 178 167 173 110 117 133  71 180 179 178 178 177 177
179 181 186 186 189 191 198 193 163 178 185 185 185 183 183 180
184 185 191 193 191 194 204 142 129 191 191 190 190 188 187 185
189 194 194 195 195 197 187 164  91 197 195 193 192 191 189 187
190 196 197 198 197 198  85  75 139  74 198 195 194 194 191 191
190 197 197 198 199 199 201 199 198 199 198 199 194 195 193 191
190 195 196 197 198 199 199 199 198 197 199 198 196 195 193 191
184 190 192 194 194 196 196 197 195 197 195 194 193 190 190 187
 91 177 184 188 192 192 193 193 192 193 193 191 188 185 184 181

 12  22 131 126 136 151 121 179 183 190 191 195 192 191 188 181
 64 100  59  56 152 150 126 180 186 191 194 196 194 194 191 185
 20  19  17  68  71 111 160 181 188 193 196 198 198 196 191 185
 36  25  24 114 129 149 169 182 190 195 197 199 199 198 194 189
 31  25  13 104  53 108 168 184 190 195 198 200 202 201 195 192
 86  10  32  36  37  21 103 182 190 196 200 203 203 202 196 194
 24  29  26  20  48 107 134  30 123 196 202  44 204 201 198 193
 24  36  35  35  41 110  82  80 113  79  45  70 203 201 197 192
 23  34  37  40  51 113  80  67 140  76 108  39 204 202 198 193
 27  28  80  44  45  79  75  54 142 144 188  50 204 202 198 193
 46   9  30  85  18  65 149 119 137 197 202 203 202 201 197 192
 92   5   5  91  66  94  83 101 125 196 200 202 202 201 196 192
 43  17  10 116  26  90 165 182 189 196 198 201 201 198 194 188
 91  22  10 185  15  99 173 183 189 192 197 198 198 196 192 184
101  17  11  44  12 133 163 175 182 186 195 197 197 195 190 177
 24  23  73  14  75 149 163 173 180 185 190 192 191 190 184  89
 12  12 128 122 138 155 133 180 184 189 191 192 193 192 189 182
 63 100  56  55 154 155 138 181 187 191 193 195 195 195 191 186
 46  40  31  75  75 115 161 182 187 192 195 196 196 197 192 184
 59  44  42 115 131 150 170 182 189 194 196 198 198 197 195 190
 45  43  24 107  58 119 167 183 189 194 197 199 200 199 196 193
 88  29  41  46  49  25 123 183 189 195 199 202 202 200 197 194
 33  36  33  27  61 119 142  42 143 195 201  54 203 199 199 193
 30  46  47  47  54 126 102  94 130  95  56  90 202 199 197 192
 34  43  47  53  64 130  99  81 156  93 122  53 203 200 199 193
 33  34  95  54  57  95  93  69 161 164 188  63 202 200 197 193
 58  23  40 112  23  67 152 137 156 195 201 202 200 200 198 192
 97  15   5  94  89 121 110 122 144 195 199 201 200 199 195 192
 53  29  19 120  22  93 164 182 187 194 196 199 199 199 194 188
101  45  18 185  13 101 172 184 187 193 195 198 197 196 192 184
120  41  19  47  10 133 164 176 183 187 196 198 197 195 190 177
 56  46  76  15  75 149 164 174 181 186 191 191 192 190 184  90
 12  14 119 112 138 156 139 177 180 185 187 191 191 191 187 181
 64  99  56  55 154 154 144 177 183 187 189 191 193 193 190 184
101  94  73  84  79 116 159 178 183 188 191 194 195 195 190 185
106  89  89 119 131 148 166 178 185 190 192 194 194 196 193 188
 93  94  51 110  90 133 163 179 185 190 193 195 199 198 194 191
 89  74  44  48  51  28 164 180 185 191 195 198 198 199 195 193
 61  61  36  30  63 153 154  71 178 191 197  74 199 197 197 193
 38  64  49  49  56 163 143 133 163 129  91 139 198 198 195 192
 57  46  61  55  66 169 143 117 193 142 164  75 199 199 197 193
 61  39 143  58  61 141 140 110 198 204 187  85 201 199 196 193
 94  60  60 163  52  80 154 173 191 194 197 198 199 199 196 192
 99  47  10 100 139 171 161 167 189 191 195 197 199 198 194 192
 66  64  46 125  21  94 160 178 186 193 195 198 198 197 194 188
107 101  47 185  13 102 168 182 186 191 194 197 197 196 192 184
130 101  47  57  10 134 162 174 181 185 194 196 197 195 190 177
122 103  80  16  75 149 162 172 179 184 189 190 190 190 184  91
